最接近地点:
x = -3.89673e+06
y = 3.46678e+06
z = 3.63622e+06
